1  321756 311241 315303 315731 310943 311232 352505 321738 311054 310715 311216 321789 316415 315300
1  315295 310577 321688 315294 314575 7821 321759 310632 315300 540468 34911 310759 44470 311056 311326 31024 310603 311348 34956 310672 466605 316416 236449 311054 312538 311055 321758 34910 310664 5850 312353 310576 311554 321723 532330 532434 532435 276204 321782 316415 532329 311214 310888 310573 375784 321725 312688 516283 310943 312788 512822 512925 311212 312789 311213 311569 311290 310887 313105 321757 310449 321756 315297 312791 310762 307362 315307 321692 321746 311088 310562 34909 34908 310944 310890 311416 321730 4608 311117 311292 533007 315293 321687 34958 126719 321789 321783 34961 321754 313978 315731 312790 321801 311075 321686
1  321756 310888 314574 311214 315297 316416 310762 310753 311054 312538 310577 321688 310664 310579 321725 315307 314575 533026 7821 321692 311416 321758 310450 288095 34908 310944 310890 34909 321759 310573 310632 321730 321746 34910 315300 311292 310631 533007 5850 310562 315293 321687 44470 315295 310887 311212 164424 311554 34961 321723 532329 321754 34911 311326 532330 312789 311569 321801 311290 532434 532435 313105 312791 311075 321686 321782 321808 311348 34958 34956 310672 34912
1  310447 321756 315295 315297 310573 310762 311235 311054 390951 315294 315307 310715 533624 540387 311030 321730 315300 311232 321738 533625 321789 310576 321723 315303 310449 315731 316644 321686 316415 311214
1  321756 315295 310573 310762 311054 282665 388682 310732 321686 314575 137013 315300 311232 321738 144765 137068 137071 321789 321723 310727 315303 315731 321757 316415 279929
1  125466 310577 321688 315294 315295 314575 532497 352504 42652 310632 8626 146854 315300 10814 310887 159607 31021 310727 311290 7002 283368 55887 47223 40670 127749 314866 321758 310575 251461 94867 316875 55888 310726 238625 466538 42655 40671 321723 321692 311038 315308 31050 321782 316415 276498 311214 310888 321756 310573 314574 315301 321725 42658 47224 532496 40672 315305 146855 314578 310652 311054 314576 42654 321706 276523 42657 310630 321801 476715 321724 6923 269828 321757 238626 4606 266179 310449 286645 466584 315297 310762 42659 105098 147055 315307 308140 311088 106081 42656 269875 310944 310480 310890 321759 31020 321730 239213 310562 42653 315293 321687 321694 321808 55942 315731 308234 321686 47233 315302 315298
1  371602 321756 315303 315731 466606 311232 315297 321738 310715 321789 316415
1  321756 310888 316416 310762 311235 311054 545247 311055 315307 310889 545248 311351 321758 310890 321759 311473 321686 508429 311232 311216 321789 311293 310727 520259 315731 311290 310887 311352 321757 321782 316415 311348 418116 311214
1  321756 315304 310729 315303 508429 311235 311232 516318 316454 311054 310715 321686 311216 321789 311371 310752 310762 311173 321723 321738 315300
1  321756 310758 316416 310762 352505 311235 311054 536280 315307 314575 321746 512960 516880 5552 311571 321730 515360 311232 315300 310664 318359 513164 319415 315873 321738 310715 311216 321789 310508 311326 315303 310449 315731 311290 33946 313971 321686 316415 33947
0  310447 321756 315297 310577 311054 318179 321686 321746 492671 310575 492672 321730 75365 311117 315300 2 311292 354927 493102 321687 493101 493104 314574 10612 15722 310449 315731 311290 310887 493105 493107 316415 310604
0  321756 315731 459671 321757 359087 316415 455341
0  321756 89801 302765 186229 273914 281151 321743 310604 310753 311054 293941 321710 120523 321688 321746 89802 310074 321725 315294 216369 321686 314575 138557 246611 310562 237233 321724 310450 132877 246981 294726 40647 315297 138558 310726 310451 314576 321730 281150 179785 304436 315293 315300 6760 280455 43013 321707 310625 321738 43014 321732 273913 310732 7348 310460 188752 310579 314574 148456 291373 321726 315303 315731 216366 310666 257955 375574 59038 264534 4926 316415 11925 227290 32030 122747 310581 140336 310461
0  310447 321756 125466 315297 310762 275809 311054 125467 281532 315294 321725 311189 310562 106312 18485 381004 310575 136416 139933 110933 321686 315300 280975 269874 311232 321738 310715 321789 279684 136418 280 136952 136950 136419 136953 315303 315731 321688 310887 310579 321757 316415 140896 276498
0  321756 310888 441716 310943 311054 321688 450969 321758 446443 321759 393805 315300 311232 321738 310715 321789 358503 449063 497232 315303 315731 321757 310603 316415
0  310447 310575 125466 18485 315731 10137 106060 275809 311054 125467 321686 321688 316415 360340 53574 280 310579 269874 110930 315300 276498
0  321756 263298 315731 281154 127683 143956 353469 311054 321686 43895 316415 310727 7622 85290 276499
0  321756 315731 310727 352505 311054 146245 321686 283130 316415
0  321756 315297 357071 311054 21735 314574 334731 321757 357788 321831 292439 1579 315300 22495 352503 21736 310727 315731 311290 357317 321686 179953 316415 1580
0  310626 321756 125466 420155 519954 321748 280 311054 125467 318179 321688 321746 315294 321725 321686 311351 310562 106312 18485 310575 315297 310890 321759 18488 321730 311290 110937 315300 460883 311292 310631 269874 428922 275809 314574 283 316642 310727 315731 531440 419404 310579 321757 321782 316415 310604 276498