1  310447 321756 310448 0 55323 512070 55392 310762 55324 314574 1 55325 315294 315307 321686 55360 55390 310763 321723 55326 55397 10610 315297 314575 310573 55402 514117 321730 315293 10611 2 310764 321828 55393 55394 321687 315295 55398 314576 311212 314577 321829 315298 55361 55395 55399 55400 311213 10612 10613 315302 310726 315731 311290 311053 55322 321724 55391 321757 311054 352502 310574 316415 311348 310887 310449 55396 315300 311214 310575 321731
1  321756 55403 310888 315295 316416 310762 310577 311054 314574 311055 315307 310889 321686 321758 321723 321688 310890 321759 310573 321730 315293 315300 514127 311232 321687 321789 315298 310630 310508 544577 310727 315303 310449 315731 311290 310887 94862 321782 544722 94863 316415 311348 385202 311214
1  310943 321756 315303 512071 315731 311214 311232 352504 310715 321789 321738 316415 310762 315307 321723 375572 310728 315300
1  321756 315303 315731 311232 352505 321738 310715 321789 316415 315300
1  321756 311053 310996 311054 311055 311189 311339 321832 310944 321776 311030 311416 311292 311192 311024 311232 321738 311291 311056 321789 310715 315303 311293 311294 315731 321801 310887 321760 316415 311116 311057 311037
1  310447 321756 125466 315297 310573 310762 310577 127749 314574 315301 321688 321692 315307 314575 106081 321723 269875 310944 310739 532496 310575 251461 94867 310726 316875 321730 315305 486632 315300 321706 321687 314578 315731 466538 314576 310653 159607 532497 276523 311038 315302 321801 476715 311290 315308 310887 321724 310652 321686 311054 315295 328672 316415 266179 310449 276498 311214 286645
1  125466 310577 152307 321688 315294 315295 314575 311193 336276 508426 310930 15218 393795 315300 311216 159607 316642 532497 321724 157793 165674 311054 311055 460884 321758 310575 251461 94867 316875 311371 310726 60757 321723 393796 311038 288400 310653 315308 321782 73777 316415 276498 311214 310888 310447 310573 314574 315301 284770 321725 127627 532496 152308 315305 276500 314578 315932 127749 314576 321706 276523 321801 476715 311290 310887 266179 310449 286645 321756 315297 310762 318179 310579 321692 315307 387072 106081 269875 310944 310890 321759 321730 12749 75360 310562 157794 321687 321789 157796 75361 315731 310652 157795 321686 514129 315302 315298
1  310447 321756 315297 352504 383740 311235 311054 343919 279683 321725 300066 310562 208301 136415 310762 311371 315299 315300 310577 311232 321687 311216 321789 310450 368052 315731 310887 321686 316415 375576
1  321756 315295 40670 315297 303811 444211 310577 438781 318179 321723 310480 255530 321725 315294 321692 314575 40671 310562 321694 42656 279428 310522 31020 315733 310575 352504 42652 310756 42658 40672 445191 310529 310632 321730 311002 5149 458689 42657 315300 314671 311292 225648 321696 42653 315293 321687 311054 310762 42655 42654 32561 42659 31021 316642 321703 310573 321801 315731 311290 6923 310887 31050 310944 321761 526208 321686 314574 7002 4606 316415 311011 310449 315298
1  321756 311241 315303 315731 310943 311232 352505 321738 311054 310715 311216 321789 316415 315300
1  321756 321738 315303 315731 315297 310715 310762 315873 311235 311054 522638 321686 321789 345662 316415 310758 523690 310450 311232
1  321756 310888 315295 311214 310758 315297 316416 310762 310577 311054 328024 311030 321688 311075 315307 311189 314575 310508 7821 311088 311416 321758 321723 532502 34908 310944 310890 310930 7245 310573 34909 321759 310451 321730 263301 311351 34910 315300 311292 311348 5850 315293 321687 44470 310887 311056 321808 311554 34961 321710 532329 321754 34911 532330 321801 315731 311290 532434 532435 42660 533002 321686 321782 310603 85292 536695 34958 310449 34956 310672 34912 318243
1  321756 280053 315298 125466 321709 127775 315297 310573 310762 311235 127749 314574 321688 310574 110958 315307 321686 321725 311336 311351 536696 106081 310450 269875 310739 314575 251461 352504 94867 311040 311416 321730 310635 321746 286648 315293 315300 316415 310727 311232 321687 321738 311236 466538 321789 314855 159607 310715 311554 159610 270858 321723 310562 276523 311213 311326 536697 315303 310449 315731 479484 537632 311290 310667 321757 311054 315295 315304 479485 310887 266179 286645 311214 137397 276498
1  321756 315303 315731 310762 311232 311054 310887 321789 316415 375593 315300
1  321756 310758 315297 310762 311235 311054 522638 310450 345662 523690 310729 315299 311232 315300 315873 321738 310715 321789 321723 315303 315731 321686 316415
1  321756 353699 315731 508429 311232 515983 311235 321789 316415
1  321756 310758 316416 515360 352505 311235 311054 536280 313962 321725 315307 311189 314575 321746 310562 152927 512960 516880 310729 311571 321730 310762 285022 311232 315300 310664 318359 513164 319415 315873 321738 310715 311216 321789 310508 321723 311326 315303 310449 315731 311290 321686 316415
1  315295 310577 269961 15721 321688 30302 315294 131815 179788 287766 7821 311416 37809 310930 533534 315300 44470 108165 311326 310603 311348 34956 310672 310447 316416 311054 4355 321725 321758 117629 314575 310575 251461 533762 148466 30264 34910 310664 5850 314577 311554 321723 252972 532330 533535 532434 532435 292360 321782 294889 316415 532329 311214 467394 310888 281151 310573 314574 242473 162682 4368 531487 6294 34911 310449 311290 310887 321835 252666 314860 191115 276498 266180 321756 37810 315297 310762 272989 315307 321746 106081 34909 34908 310890 321759 270968 321730 252420 311292 310562 315293 321687 34958 34961 321754 269875 315731 308234 321686 250417 34912
1  310447 321756 310448 0 55323 311053 55392 310762 310577 55324 314575 314574 1 315294 315307 321686 55360 55390 310763 55362 55326 55397 10610 315297 527007 310573 321723 55402 514117 321730 310726 315293 10611 2 310764 321828 55393 55394 321687 315295 55398 314576 311212 314577 321829 315298 55361 55395 55399 55400 311213 10612 10613 315302 310449 315731 311290 55322 321724 55391 321757 311054 352502 316415 311348 310887 55396 315300 311214 310575 321731
1  125466 310577 321688 315294 315295 42555 314575 321706 42645 15218 315300 311216 30587 31022 321724 310603 31023 311054 311055 31045 321694 316875 42647 310726 310576 321723 321692 311038 310653 315308 31046 42649 73777 315297 316415 424121 311214 7213 321756 310573 314574 315301 321725 31048 532496 31049 40672 310762 315305 359435 42646 314578 314576 532497 42650 476715 311290 6923 310887 321757 310449 276498 310447 31047 466582 310943 4475 315307 311189 42651 311088 321782 310944 310480 310890 321759 321730 311117 75360 310562 42648 315293 321687 321789 75361 4607 315731 321801 310652 321686 315302 315298
1  321756 311241 315303 315731 310943 311232 352505 321738 311054 310715 311216 321789 316415 315300
1  321756 310448 0 55323 310758 311053 55392 310762 540466 55324 314574 1 310574 315294 315307 321686 55360 55390 310763 321724 55326 55397 10610 315297 314575 321723 55402 310573 321730 315293 10611 2 310764 321828 55393 55394 321687 315295 55398 314576 311212 314577 321829 315298 55361 55395 55399 55327 55400 311213 10612 10613 315302 310726 315731 540467 55322 311290 55391 321757 311054 352502 316415 311348 310887 310449 55396 315300 311214 310575 321731
1  321756 315303 315731 311232 352505 321738 310715 321789 316415 315300
1  321756 315295 316453 311053 310573 316635 310577 311054 314576 321688 311216 315307 321686 310508 515359 310944 316417 310890 352504 321759 316875 311371 321723 175517 15218 310603 315300 517504 75360 321687 321730 310727 310726 513487 314578 380157 516042 310762 321789 73777 516415 75361 516416 311326 321801 315731 311290 315308 310887 321724 321757 321782 311089 291191 315297 316415 310449 315302 315298 311040
1  321756 310758 316416 515360 352505 311235 311054 536280 315307 314575 321746 512960 516880 311571 321730 310762 311232 315300 310664 318359 513164 319415 315873 321738 310715 311216 321789 310508 311326 315303 310449 315731 311290 313971 321686 316415
1  20340 315295 304305 275334 321710 321688 124236 30302 20662 20665 315294 314575 7821 311416 310930 310632 315300 540468 310759 311024 44470 311056 311569 311326 321724 31024 310603 311348 128618 34956 310672 20666 316416 310667 236449 311054 4355 312538 321758 251461 310451 272406 30264 34910 310726 5850 312353 115995 310576 311554 321723 532330 43017 532434 321760 273967 276204 321782 43018 316415 532329 311214 254946 20663 310888 310573 310574 321725 538840 312688 226923 4368 321776 34908 531487 538841 312788 384645 512437 314576 311212 313978 34911 315731 311290 310887 313105 20669 538842 7351 310449 532435 321756 897 315297 310762 43019 307362 321784 315307 311234 321746 321692 106081 34909 269875 310944 310890 321759 321730 4608 311292 533007 310562 20667 315293 321687 34958 126719 321789 34961 321754 43132 312789 276900 321801 312790 312791 20668 321686 120618
1  321756 310888 273093 311214 315297 310573 9728 310577 517095 318179 321688 52582 310579 321692 315307 314575 127627 321758 30265 127778 310944 310575 310890 275962 378410 321759 310679 512961 321754 310754 310762 30277 315298 315300 310632 60757 12749 30266 4929 310726 321687 11719 315295 311054 314576 125827 321723 384477 276523 321801 315731 321724 276500 4356 117855 321686 321782 517505 316415 310887 58572 32034
1  310447 321756 310888 125466 127775 315297 310573 310762 310577 127749 314574 315301 321688 311054 321725 315294 315731 321686 460884 127627 311193 321692 106081 321758 321706 269875 310944 314575 310575 251461 310890 94867 321759 321730 322943 315305 322971 276500 315298 315300 60757 12749 310562 310726 321687 314578 315295 466538 314576 310653 159607 321723 276523 9948 52097 315302 322972 321801 311290 310887 321724 310652 310930 310579 321757 321782 316415 266179 310449 276498 321746 310604 286645
1  315295 304305 310577 321710 321688 315294 314575 132257 7821 310580 310632 58993 315300 34911 310759 44470 164424 203537 58605 311290 310603 311348 34956 310672 283561 316416 311054 312538 321725 311351 34958 310451 34910 310726 5850 312353 310576 311554 321723 532330 298651 532434 532435 316415 532329 311214 321731 30363 310573 314574 55543 11759 29510 312688 226923 321695 149096 312788 58604 288095 512437 4081 314576 311212 310520 312789 311213 311569 321724 310887 313105 321757 310449 276498 321756 315297 310762 365050 484178 321692 315307 310562 34909 34908 310944 311416 321730 311292 533007 315293 321687 315731 321808 34961 321754 313978 321801 312790 312791 4386 311075 321686 34912
1  321756 310758 316416 515360 352505 311235 311054 536280 313962 321725 315307 311189 314575 321746 310562 152927 512960 516880 310729 311571 321730 310762 285022 311232 315300 310664 318359 513164 319415 315873 321738 310715 311216 321789 310508 321723 311326 315303 310449 315731 311290 321686 316415
1  476714 125466 127775 344145 310577 321688 310888 315294 315295 314575 295134 311416 93946 310573 310632 8626 15218 146854 29833 477385 10814 310887 311216 159607 310944 332286 52278 311326 115490 120671 34113 321724 283368 32031 55887 125825 270948 127749 310664 314866 460884 321758 484177 47223 11574 251461 94867 473688 311371 321686 55888 310726 238625 60757 128616 110339 321723 321782 4927 316415 272276 276498 277304 440052 239058 310447 58942 275961 314574 111234 321725 127627 47224 274000 9604 12482 315299 276500 270676 146855 314578 311054 314576 450970 60758 193674 296116 264641 276523 321801 311290 269828 321757 238626 315300 266179 310449 286645 321756 315297 11761 310762 105098 316643 147055 321692 75366 321746 75367 106081 125826 269875 191116 310890 321759 75368 321730 12749 239213 310562 315293 321687 321789 30884 238981 55942 126623 315731 4165 475145 302765 308234 310579 308140 47233 58262 75369 4598 315298 310575
1  321756 125466 275809 311235 311054 125467 321688 315294 310732 321686 538286 106312 18485 352022 310890 321759 18488 110937 315300 460883 508429 269874 311232 321738 321789 280 283 310727 315303 315731 531440 311233 310579 321757 321782 316415 310575 276498
1  321756 259691 315295 273914 304305 310573 310762 310577 261465 312538 120523 312353 321725 321692 314575 261464 312688 226923 270966 486633 310944 349733 165676 352504 257956 311416 257957 310759 310632 321730 315299 315300 311569 312788 252672 533007 288095 310562 315293 321687 281466 321833 311054 281465 164424 310576 311554 288402 313978 321723 346928 259692 311038 312789 315731 321801 252671 312790 310887 270967 313105 321686 301778 316415 311348 311039 310449 311040 312791 311212 305503
1  321756 316416 515360 352505 311235 311054 315307 516880 321730 310762 311232 315300 513164 315873 311216 321789 310752 310449 315731 311290 321686 316415
1  310447 321756 315295 315297 316416 310762 311235 311054 315294 315307 544725 311030 310729 330223 321730 315300 311232 321738 310715 321789 310576 321723 544747 315303 310449 315731 321686 316415 311214
1  321756 310758 316416 310762 352505 311235 311054 536280 315307 314575 321746 512960 516880 5552 311571 321730 515360 311232 315300 310664 318359 513164 319415 315873 321738 310715 311216 321789 310508 311326 315303 310449 315731 311290 33946 313971 321686 316415 33947
1  125466 310577 71595 321688 315294 315295 42555 314575 311193 321706 43894 310930 42645 310632 8626 15218 315300 106062 369272 10814 310887 311216 159607 30587 60759 2246 31022 321782 310727 321724 283368 31023 190368 55887 47223 311054 311055 314866 321725 10615 321758 71596 310575 251461 94867 316875 311371 42647 55888 24325 14668 238625 293940 466538 314577 321723 283 321692 311038 315308 31046 42649 294889 73777 316415 186228 276498 7213 310888 321756 310573 314574 315301 31045 31048 47224 279428 18488 532496 315297 311030 310726 40672 12482 315305 42646 135510 146855 314578 310652 7621 314576 60758 532497 146854 311213 310630 42650 476715 311290 6923 269828 321757 238626 266179 310449 55405 286645 466584 31047 31049 12483 310762 147055 105098 4475 315307 321686 42651 311088 106081 269875 310944 310480 310890 321759 321730 75360 239213 310562 42648 368142 315293 321687 321694 321789 75361 55942 4607 315731 321801 308234 308140 47233 315302 315298
1  321756 311053 310996 311235 311054 311055 311189 311339 310944 321776 311030 311416 311371 389723 315300 311292 508429 311192 311024 311232 321738 311291 311216 311056 321789 310715 515716 315303 311293 311294 321801 315731 310887 321760 315304 316415 311116 311057 311037
1  125466 272424 310577 321688 315294 315295 119250 314575 31732 513165 421895 15883 309214 310632 4592 315300 273587 538429 377470 311232 316905 311326 344597 421896 538455 310715 311054 142213 538430 321758 315733 538456 94867 13910 43562 310664 69247 321738 106306 250415 43563 379593 310508 321723 315303 321782 111044 316415 310727 311214 311040 310888 310573 311235 23340 7511 321725 11719 281979 516078 270896 58529 508429 105372 242250 1928 421897 311290 318361 310887 315304 266179 310449 276498 321756 315297 310762 318179 321692 315307 321746 310562 269875 310944 310890 538431 321759 321730 75831 371107 116030 321687 11760 321789 538432 359490 58606 142214 375256 315731 321801 422483 310579 321686
1  249954 321756 315295 304305 310573 310762 311054 318179 321688 321725 315294 321692 314575 312688 226923 321723 269875 310944 311348 4810 378410 311416 310632 58607 315300 312788 310759 533007 288095 310562 315293 312353 11760 321730 443666 164424 310576 311554 313978 312538 311569 312789 29506 321801 311212 312790 313105 310579 321686 31776 252666 310449 30260 312791 4078 526091
1  321756 315295 360956 315297 310573 109049 310577 269961 318179 321688 536280 321725 315294 131815 310576 321746 311349 109050 164984 311571 315300 321730 448801 108744 310578 314041 318359 542011 319415 321687 108165 311054 314577 286673 321723 310562 310727 159699 315731 310887 310579 321686 359086 294889 316415 310449 191115 276498 288181
1  321756 311241 315303 315731 310943 311232 352505 321738 311054 310715 311216 321789 316415 315300
1  315295 304305 311118 310577 269961 321688 30302 315294 131815 314575 7821 311416 310930 310632 32563 133163 310759 44470 108165 311056 311569 311326 278493 310603 108744 311348 34956 310672 316416 109049 133164 4355 312538 539365 248914 321758 539366 251461 30264 34910 5850 302319 312353 314577 310576 311554 321723 532330 6672 532434 532435 321782 294889 316415 532329 311214 310888 310573 314574 321725 312688 226923 4368 310943 531487 312788 321732 215204 311054 311212 313978 539367 34911 315731 311290 310887 313105 321757 315300 252666 310449 191115 276498 321756 315297 310762 352505 321784 315307 311234 311189 321746 321692 106081 34909 109050 269875 310944 310890 321759 321730 5151 311292 310578 533007 310562 315293 321687 34958 321789 34961 321754 310609 312789 34908 321801 312790 312791 321686 34912
1  321756 55323 310758 311053 55392 310762 55324 318179 315294 1 409158 311054 409375 315307 321686 55360 55390 315293 310763 321723 409376 55397 10610 315297 310726 310573 321730 352508 315298 315300 2 314574 310574 55394 321687 315295 55398 314576 311212 55391 55361 55395 310508 55399 310764 55393 10613 310449 315731 311290 310887 321724 409159 321757 518752 518782 316415 311348 55396 315302 311214 314575
1  321756 310762 310888 315295 310758 310733 293449 310577 311235 311054 321688 310732 519725 321725 321686 314575 310562 321758 310944 189585 294726 310890 321759 311371 323823 315300 508429 311232 321687 321738 323903 311216 321789 310630 321723 323920 315303 321801 315731 310887 321757 321782 316415 184569 315298
1  476714 315295 70744 304305 275334 310577 321710 321688 124236 30302 315294 314575 481067 30264 311416 482387 310930 42652 310632 42657 315300 540468 276229 310759 44470 174514 31021 311569 311326 237240 358005 321724 31024 310603 311348 34956 310672 31051 316453 316416 237238 237239 4355 312538 310664 307554 42662 460884 321758 251461 537645 310451 7002 7821 34910 310726 321687 5850 290895 237358 312353 42655 311554 40671 321723 532330 307555 321760 276204 321782 316415 532329 311214 310576 254946 310888 71233 42663 310573 532435 314574 237355 321725 42658 40670 312688 226923 494780 4368 321776 40672 531487 312788 512437 537858 311054 314576 311212 313978 42654 42659 515717 34911 321801 311290 6923 310887 313105 321757 4606 532434 310449 477387 126830 321756 315297 310762 318179 321692 311193 315307 321746 311088 106081 34909 42656 34908 237356 310480 310890 321759 31020 451283 321730 535717 4608 126832 315298 311292 533007 310562 42653 315293 14469 34958 318361 126719 321783 321694 34961 321754 312789 269875 315731 312790 312791 310944 311075 321686 71235 34912
1  321756 310888 315295 315297 316416 310943 518031 321688 518032 310732 321784 315307 310889 311189 518056 311234 311162 321758 311339 514131 310756 310890 321759 310573 311059 311371 318385 310762 516079 321686 311173 516894 315300 514127 321732 512071 310562 311232 310625 321738 311054 311216 321789 310576 321723 311326 315303 321801 311290 310944 310579 514775 321782 321725 310920
1  321756 315303 315731 310762 311232 311235 311054 310715 354217 321789 321738 316415 311030 315300 311214 514473
1  315295 258558 310577 321688 162878 315294 314575 287815 310632 299969 315300 9323 311232 311216 279499 249812 269481 311326 321724 310603 10140 310715 311054 4355 310664 311351 321758 541095 512805 310532 208118 311371 135894 286168 321696 321738 258829 310576 321723 283013 311038 315303 258817 111206 316415 311214 310888 542160 310573 311235 314574 321725 321748 315299 508429 542161 30298 145798 311002 321739 314576 311058 321706 315305 321703 311290 310887 321761 301778 315304 311011 310449 321756 138563 310758 315297 310762 310487 280458 382135 321692 321746 311088 321782 310944 310890 321759 321730 104193 311292 310562 270954 310726 321687 315731 321789 310692 321801 261231 310652 321686 258826 311233 310531 249957
1  321756 125466 18448 310573 310762 20153 311235 311054 311055 30368 321725 240867 310562 391113 18457 532505 315297 94867 308778 311416 316875 321688 395068 315293 532686 2 288407 508429 532687 165683 311232 321738 817 315295 321789 310732 310576 311554 321723 310752 4389 315303 315731 311290 467423 310579 321686 321839 30497 316415 266179 315300 315298 276498
1  321756 316416 515360 352505 311235 311054 315307 516880 321730 310762 311232 315300 513164 315873 311216 321789 310752 310449 315731 311290 321686 316415
1  321756 528601 315295 45142 316416 310762 310577 311054 314574 62505 62506 321725 311216 315307 7968 321746 62507 310944 350175 310604 310573 311371 321730 310943 321686 311117 315300 311292 62508 514127 311232 321687 321738 310563 310887 62605 321789 310732 310576 321723 264641 528632 310752 528633 315303 315731 321801 311290 94063 311214 321757 12875 316415 94082 310449 528602
1  125466 127775 310577 321688 315294 315295 314575 311193 532497 310930 42652 310632 42657 315300 159607 31021 9948 311326 52095 311290 7002 311348 270948 40670 127749 460884 321694 310575 251461 94867 42658 316875 310726 52096 60757 310664 10134 42655 40671 321723 311038 315308 31050 316415 286645 311214 10136 310888 310573 314574 315301 321725 105370 127627 532496 40672 315305 276500 53567 189810 314578 311054 314576 42654 315016 321706 276523 52097 310449 476715 321724 6923 310887 111200 4606 266179 276498 310447 315297 310762 42659 321692 315307 321746 311088 106081 42656 269875 310944 294726 31020 321730 10135 311292 12749 310562 42653 315293 321687 315731 310652 310579 321686 310480 315302 315298
1  321756 274860 125466 312789 310607 312788 312791 310762 92228 310577 314986 158647 312538 158704 321688 252979 321725 315294 321692 56931 314575 193285 321746 295968 312688 321723 193286 269875 310944 310604 315297 311416 310573 123208 310632 479336 321686 158705 315299 315298 253001 314574 158706 310759 321732 533007 288095 310562 315293 321687 315295 311054 311212 158648 164424 310576 311554 158707 313978 265356 311569 311326 310609 193362 315731 321801 321730 312790 310887 11172 313105 321757 286296 316415 311348 310449 315300 351773 276498
1  310447 321756 315295 315297 316416 310762 311235 311054 315294 315307 544725 311030 310729 330223 321730 315300 311232 321738 310715 321789 310576 321723 544747 315303 310449 315731 321686 316415 311214
1  321756 442512 311118 310943 311235 520059 311189 311339 311371 310762 508429 330983 311232 321738 311236 311216 321789 310715 311174 315303 315731 311290 311142 315304 316415 311214
1  321756 311053 310996 311054 311055 311189 311339 326325 310944 321776 311030 311416 315300 311292 311192 311024 311232 321738 311291 311056 321789 310715 315303 311293 311294 315731 321801 310887 321760 316415 311116 311057 311037
1  321756 310888 125466 18448 310573 310762 20153 311235 311054 94867 311055 311060 30368 284745 315294 315307 314575 240867 321746 321692 321758 18457 321688 315298 310575 315297 316454 152256 308778 321759 490126 310632 321723 12482 344328 344329 311173 314574 4389 315300 2 288407 508429 152259 310577 490699 165683 344330 310727 321687 321738 817 315295 540606 152260 321789 321783 310715 60758 310579 490701 152261 311216 152262 315303 315731 490702 311290 152263 316644 490700 321686 490127 30497 321730 316415 310887 266179 310449 528038 311214 310604 490698 276498
1  315295 258558 310577 58612 321688 162878 315294 314575 287815 45928 310632 299969 315300 94491 314664 9323 311232 311216 279499 249812 269481 311326 321724 310603 10140 311054 4355 310664 321725 311351 321758 541095 315304 512805 310532 208118 311371 135894 8250 286168 321696 321738 258829 310576 321723 515362 311038 315303 258817 111206 316415 311214 310888 542160 310573 311235 314574 315731 321748 103848 315299 508429 542161 30298 512437 311002 321739 314576 11763 311058 321706 315305 321703 311290 310887 321761 301778 266024 311011 310449 321756 138563 310758 315297 310762 310487 280458 382135 315307 321746 321692 321782 310944 310890 321759 318750 321730 104193 311292 311088 310562 270954 310726 321687 310715 321789 310692 321801 261231 310652 321686 258826 311233 310531 249957
1  321756 321707 315295 310758 315297 310573 310762 311235 311054 310732 321725 315307 311189 311193 310562 316750 517172 311371 544726 315299 321746 315300 508429 310664 311232 321738 311216 321789 321723 311031 311326 353197 315303 315731 341326 311290 505535 544727 321686 316415 310581 310575 512245
1  310447 321756 310448 353819 544101 10584 310573 310762 310577 55146 311054 318179 55147 315294 315307 321686 314575 55220 310575 544102 321687 310726 55221 503733 55148 55222 55213 315298 315300 2 314574 55214 321730 55219 315293 353857 55224 55223 314576 311212 55215 321723 369179 311213 10612 10613 55216 315731 311290 55202 55218 321724 321757 315295 315297 316415 311348 310887 310449 55217 311214 321731
1  310447 321756 315295 315297 316416 310762 311235 311054 315294 315307 544725 311030 310729 330223 321730 315300 311232 321738 310715 321789 310576 321723 544747 315303 310449 315731 321686 316415 311214
1  310447 321756 310448 0 55323 311053 55392 310762 55324 314574 1 310574 315294 315307 321686 55360 55390 310763 321723 55326 370083 370163 10610 315297 314575 55379 55402 310573 321730 315293 10611 2 310764 515718 515739 55393 315298 55394 321687 370164 315295 55398 314576 311212 314577 321829 310887 55361 55395 310508 55399 55400 311213 10612 10613 310726 315731 311290 55322 321724 55391 321757 311054 316415 311348 55397 310449 55396 315300 311214 321731
1  310447 321756 310448 355831 310516 315297 316416 310943 311241 311235 311572 318179 310732 514440 315294 281157 311189 321725 311336 311351 311088 449958 321723 537646 315307 310573 311371 321730 310762 321686 315298 315300 311292 140345 310577 140346 316911 311232 321687 321738 311236 311054 311216 321789 310576 321717 133345 140615 537786 310562 311569 311213 314576 315303 311295 315731 311290 311096 321724 310726 314574 537787 481326 315295 278531 316415 310887 310449 311057 517506 321731
1  55947 310562 240532 125466 127775 310890 310577 10849 466494 321688 362150 272426 490703 315294 131815 314575 311193 532331 321706 310930 321696 310679 55958 310632 55959 240533 288141 315300 47234 310481 137486 55948 310536 30845 6580 159607 125827 10852 9948 137494 310665 137487 248444 316644 321724 147056 30183 47173 52096 311416 310887 39125 314854 283437 40832 30841 47174 240621 270948 316453 310715 92230 311054 31089 4929 53564 58575 278494 460884 117962 321758 1459 191109 310575 251461 94867 55956 53580 147057 540717 47175 310726 147058 238625 60757 47177 109425 164826 116032 53463 310888 6791 10134 4581 321738 11719 250415 466538 314577 314855 137497 311554 133165 321723 283 308596 311038 117680 265239 1391 53581 55960 321782 315295 294889 316415 310727 10142 276498 311214 10136 30846 30849 8610 321756 310573 314574 30848 30850 53565 315731 55957 105370 127627 4325 137488 310449 484723 137498 127778 2001 283438 81691 18488 262424 58529 12482 23586 276500 137495 528038 284270 53567 321732 311002 164827 8626 53571 593 314576 52095 60758 53561 315303 315016 273013 276523 52097 310630 321801 311290 6029 269828 137496 21431 321761 265258 111200 238626 19493 311011 266179 314866 314671 310625 286645 466584 39400 315297 310762 240627 55961 105098 53572 321746 270383 321692 490704 315307 321686 321725 10135 106081 269875 310944 164874 294726 310604 275962 321759 40833 321730 150848 311292 12749 32362 189810 164877 240628 314578 315293 321687 321694 11760 53568 280090 321783 92387 147067 58606 4639 321754 53569 273093 55962 542162 164876 315298 240534 308140 164875 147066
1  315295 258558 310577 321688 162878 315294 314575 287815 310632 299969 315300 9323 311232 311216 279499 249812 269481 311326 321724 310603 10140 311054 4355 310664 311351 541095 512805 310532 208118 311371 135894 286168 321696 321738 258829 310576 321723 283013 311038 315303 258817 111206 316415 311214 542160 310573 311235 314574 321725 310762 315299 508429 542161 30298 145798 311002 321739 314576 311058 321706 315305 321703 311290 310887 321761 301778 315304 311011 310449 321756 138563 310758 315297 321748 310487 280458 382135 321692 321746 311088 310562 310944 321730 104193 311292 261231 270954 310726 321687 310715 321789 310692 315731 321801 310652 321686 258826 311233 310531 249957
1  321756 315295 315297 310573 310762 311054 314574 311055 531204 315307 531205 310575 315300 311232 321738 310715 321789 317106 463148 321723 310727 315303 315731 311290 310887 316644 311060 321686 316415 366480 531210
1  321756 280053 315298 125466 321709 127775 315297 310573 310762 311235 127749 314574 321688 310574 110958 315307 321686 321725 311336 311351 536696 106081 310450 269875 310739 314575 251461 352504 94867 311040 311416 321730 310635 321746 286648 315293 315300 316415 310727 311232 321687 321738 311236 466538 321789 314855 159607 310715 311554 159610 270858 321723 310562 276523 311213 311326 536697 315303 310449 315731 479484 537632 311290 310667 321757 311054 315295 315304 479485 310887 266179 286645 311214 137397 276498
1  266180 321756 310448 125466 310758 315297 310573 175940 275809 311054 125467 314574 321688 12480 321784 315294 321732 311234 321686 314575 321746 106312 282664 18485 310944 310575 321748 18488 55404 118566 279 310626 110937 315300 460883 310578 269874 436800 321687 310609 311120 310887 310762 280 321723 283 77793 315731 321801 145531 273343 10614 487027 531440 310579 321757 311290 315295 310574 249097 316415 251462 315298 321731 276498
1  321756 315303 310449 315731 311290 316416 310762 515410 352505 321738 311054 310715 321789 316415 321730 315307 311232 315300
1  321756 310758 315297 310762 311235 311054 522638 310450 345662 523690 310729 315299 311232 315300 315873 321738 310715 321789 321723 315303 315731 321686 316415
1  321756 315295 315297 310573 310762 310577 311054 537648 321725 315294 315307 481327 310562 532506 311339 310944 532507 321723 481328 311371 537720 321686 315300 311292 321687 321730 316293 315500 318361 311216 321789 317106 481440 532626 359070 532627 310727 321801 315731 311290 310887 321757 316415 310449 315298 310576
1  321756 310758 316416 310762 352505 311235 311054 536280 315307 314575 321746 512960 516880 5552 311571 321730 515360 311232 315300 310664 318359 513164 319415 315873 321738 310715 311216 321789 310508 311326 315303 310449 315731 311290 33946 313971 321686 316415 33947
1  315295 321688 162878 315294 314575 287815 317521 45928 310607 299969 315300 9323 311232 311120 311216 279499 249812 537375 316642 269481 311326 311290 10140 310447 310715 311054 311351 321694 301778 512805 310532 208118 311371 135894 8250 310664 321696 321738 480347 310576 311044 321723 515362 311038 315303 310536 111206 316415 46375 311214 542160 310573 311235 314574 310574 321725 321748 315299 508429 542161 512437 311002 103848 321739 314576 311058 321706 315305 321703 321724 310887 321761 311089 315304 311011 310449 310657 321756 315297 310762 310487 318179 382135 321692 321746 311088 310562 310944 310480 315307 318750 321730 104193 311292 270954 310726 321687 315731 321789 310692 480348 321801 261231 310652 537376 321686 311233 249957
1  310447 321756 315295 371601 315297 310573 310762 311235 311054 311055 541658 315307 534179 310575 321730 315300 311292 311232 321789 246293 321723 130687 310449 315731 309930 311233 316644 311290 321686 316415 130884 311214 277559 513758
1  310562 315295 304305 310577 321710 321688 30302 314575 7821 311416 310930 310632 315300 312518 310759 318359 44470 311056 310603 311348 34956 310672 534742 316416 311054 4355 312538 321757 321758 251461 310451 30264 34910 310664 5850 312353 311907 310576 311554 321723 532330 532434 532435 321782 316415 532329 311214 311040 310888 321725 312688 226923 4368 315299 531487 312788 512981 314171 311212 312789 34911 310729 311569 310887 313105 288041 164276 310449 321756 315297 310762 315307 321692 321746 106081 34909 34908 310890 321759 311571 321730 311292 533007 319415 315293 321687 543156 34961 360613 321754 313978 269875 315731 312790 312791 321686 34958 34912
1  321756 360956 315297 311054 318179 321688 536280 315294 542120 314172 321746 359086 164984 311571 321730 315300 310578 310576 318359 319415 288181 310727 159699 315731 310887 310579 321686 311349 316415 310449 456817 286673
1  321756 125466 395066 310447 310762 106060 275809 508682 311054 125467 321688 310574 310734 321725 106061 311336 321746 532713 508723 18485 310943 321686 315298 315300 2 508726 508429 310664 269874 311326 311235 321687 321738 315295 311216 321789 310732 310576 280 321723 310562 532714 10612 315303 315731 310887 316644 310579 321757 345826 532715 316415 532728 508683 276498
1  321756 310448 0 55323 311053 55392 310762 310577 55324 314575 314574 1 315294 315307 321686 55360 55390 310727 310763 321723 55326 55397 10610 315297 527007 310573 55402 514117 321730 315293 10611 2 310764 321828 55393 55394 321687 315295 55398 314576 311212 314577 321829 315298 55361 55395 310508 55399 55363 55400 311213 10612 10613 315302 310726 315731 311290 55322 321724 55391 321757 311054 352502 316415 311348 310887 310449 55396 315300 311214 321731
1  310447 321756 315295 371601 315297 310573 310762 311235 311054 311055 541658 315307 534179 285203 310575 321730 315300 311292 311232 153428 321789 246293 321723 310449 315731 309930 311233 316644 311290 321686 316415 311214 513758
1  321756 316416 542819 311235 311054 311216 315307 311189 438668 311351 310944 519749 311473 321686 311311 508429 311326 311232 318361 310762 321789 525231 311293 311038 542944 315731 321801 311290 310887 311352 321757 316415 311348 310727 311214 311040
1  321756 315303 321801 315731 310944 310715 310887 311232 315297 311235 311054 382607 311216 311016 321789 311371 316415 311017 321738
1  315295 310890 310577 321688 315294 125466 314575 310679 310632 15218 315300 311216 159607 125827 311326 252663 248789 7350 127749 179783 75366 310575 251461 94867 316875 311371 279 310726 250415 321723 315308 314670 517504 183808 276498 310573 43016 314574 489496 321725 515359 252664 310754 248912 351774 314578 380157 311054 314576 276523 315731 321724 310887 302768 266179 310449 286645 321756 315297 310762 6493 315307 321692 34906 321746 75367 106081 269875 310944 310604 275962 321759 75368 321730 316415 311292 276531 310562 138963 315293 321687 11760 321789 321783 58606 321782 321754 291373 280642 321801 310579 321686 75369 315298 259690
1  321756 315295 315297 310573 310762 310577 311054 537648 321725 315294 315307 481327 310562 532506 311339 310944 532507 321723 481328 311371 537720 321686 315300 311292 321687 321730 316293 315500 318361 311216 321789 317106 481440 532626 359070 532627 310727 321801 315731 311290 310887 321757 316415 310449 315298 310576
1  310447 321756 315295 315297 316416 310762 311235 311054 315294 315307 544725 311030 310729 330223 321730 315300 311232 321738 310715 321789 310576 321723 544747 315303 310449 315731 321686 316415 311214
1  310447 321756 315295 315297 316416 310762 311235 311054 315294 315307 544725 311030 310729 330223 321730 315300 311232 321738 310715 321789 310576 321723 544747 315303 310449 315731 321686 316415 311214
1  310447 328976 343099 140910 316453 310607 321756 310573 316635 310577 311054 311055 310888 311060 321725 311189 314575 311351 310562 321758 321688 514441 357662 343335 315297 310890 321759 316636 310692 310762 316645 333563 315300 281538 321687 310726 189810 315295 333564 371712 333589 310576 315298 321723 316642 515513 314576 343100 517894 315731 321724 310887 343345 329013 321686 321782 316415 294726 316637 314671 507557 316417 321748
1  321756 528601 315295 45142 316416 310762 310577 311054 314574 62505 62506 321725 311216 315307 7968 345888 321746 62507 310944 94082 310604 310573 311371 321730 310943 321686 311117 315300 311292 62508 514127 311232 321687 321738 310563 62605 321789 310732 310576 321723 264641 528632 310752 528633 315303 315731 321801 311290 94063 311214 321757 12875 316415 310887 310449 528602
1  321756 316416 542819 311235 311054 311216 315307 311189 438668 311351 310944 519749 311473 321686 311311 508429 311326 311232 318361 310762 321789 525231 311293 311038 542944 315731 321801 311290 310887 311352 321757 316415 311348 310727 311214 311040
1  321756 311241 315303 315731 310943 311232 352505 321738 311054 310715 311216 321789 316415 315300
1  315295 310577 321688 315294 314575 7821 321759 310632 315300 540468 34911 310759 44470 311056 311326 31024 310603 311348 34956 310672 466605 316416 236449 311054 312538 311055 321758 34910 310664 5850 312353 310576 311554 321723 532330 532434 532435 276204 321782 316415 532329 311214 310888 310573 375784 321725 312688 516283 310943 312788 512822 512925 311212 312789 311213 311569 311290 310887 313105 321757 310449 321756 315297 312791 310762 307362 315307 321692 321746 311088 310562 34909 34908 310944 310890 311416 321730 4608 311117 311292 533007 315293 321687 34958 126719 321789 321783 34961 321754 313978 315731 312790 321801 311075 321686
1  321756 310888 314574 311214 315297 316416 310762 310753 311054 312538 310577 321688 310664 310579 321725 315307 314575 533026 7821 321692 311416 321758 310450 288095 34908 310944 310890 34909 321759 310573 310632 321730 321746 34910 315300 311292 310631 533007 5850 310562 315293 321687 44470 315295 310887 311212 164424 311554 34961 321723 532329 321754 34911 311326 532330 312789 311569 321801 311290 532434 532435 313105 312791 311075 321686 321782 321808 311348 34958 34956 310672 34912
1  310447 321756 315295 315297 310573 310762 311235 311054 390951 315294 315307 310715 533624 540387 311030 321730 315300 311232 321738 533625 321789 310576 321723 315303 310449 315731 316644 321686 316415 311214
1  321756 315295 310573 310762 311054 282665 388682 310732 321686 314575 137013 315300 311232 321738 144765 137068 137071 321789 321723 310727 315303 315731 321757 316415 279929
1  125466 310577 321688 315294 315295 314575 532497 352504 42652 310632 8626 146854 315300 10814 310887 159607 31021 310727 311290 7002 283368 55887 47223 40670 127749 314866 321758 310575 251461 94867 316875 55888 310726 238625 466538 42655 40671 321723 321692 311038 315308 31050 321782 316415 276498 311214 310888 321756 310573 314574 315301 321725 42658 47224 532496 40672 315305 146855 314578 310652 311054 314576 42654 321706 276523 42657 310630 321801 476715 321724 6923 269828 321757 238626 4606 266179 310449 286645 466584 315297 310762 42659 105098 147055 315307 308140 311088 106081 42656 269875 310944 310480 310890 321759 31020 321730 239213 310562 42653 315293 321687 321694 321808 55942 315731 308234 321686 47233 315302 315298
1  371602 321756 315303 315731 466606 311232 315297 321738 310715 321789 316415
1  321756 310888 316416 310762 311235 311054 545247 311055 315307 310889 545248 311351 321758 310890 321759 311473 321686 508429 311232 311216 321789 311293 310727 520259 315731 311290 310887 311352 321757 321782 316415 311348 418116 311214
1  321756 315304 310729 315303 508429 311235 311232 516318 316454 311054 310715 321686 311216 321789 311371 310752 310762 311173 321723 321738 315300
1  321756 310758 316416 310762 352505 311235 311054 536280 315307 314575 321746 512960 516880 5552 311571 321730 515360 311232 315300 310664 318359 513164 319415 315873 321738 310715 311216 321789 310508 311326 315303 310449 315731 311290 33946 313971 321686 316415 33947
1  310447 321756 310888 125466 315297 310573 310762 310577 127749 314574 315301 321688 321725 315294 315307 460884 127627 311193 321692 106081 321758 321723 269875 310944 532496 310575 251461 310930 94867 321759 316875 321730 315305 276500 315298 315300 60757 12749 310562 321706 321687 314578 315731 311054 314576 310653 159607 532497 276523 311038 315302 321801 476715 311290 315308 310887 321724 310652 310726 310579 321686 362158 315295 316415 266179 310449 286645 311214 314575 276498
0  531436 321756 216370 310932 203536 315297 310580 175940 216371 311054 179783 310577 321688 499593 310888 216369 302766 247581 34906 321725 18489 321746 504772 34907 321758 311290 310690 310758 310944 321776 310604 310890 321759 436605 310632 321730 284 279 315305 310726 315300 314574 302767 310631 5849 298650 311024 315293 321687 179784 321695 332210 310508 321706 321692 314576 291373 321724 321801 315731 216366 310887 321760 302765 310652 310579 321686 321782 316415 183808 314575
0  310447 321756 310888 394664 315297 310604 310577 311054 314574 321688 263299 263300 428919 387071 423943 430294 321758 430295 455897 310575 310890 395472 448393 321759 812 321746 315300 85291 321687 310605 242472 20115 239002 24506 315731 311290 87581 310887 302765 308234 321686 321782 316415 20116
0  321756 249098 310888 310758 310943 484522 311054 321688 484716 315294 314575 310729 321758 310575 249952 321759 484717 310762 315300 321789 9578 321723 315731 484718 321686 310603 316415 375572 249953
0  321756 315731 327952 311054 316415 315294 448394
0  531436 321756 315297 310631 311054 314574 321688 499593 247581 216369 321725 321746 504772 310562 311290 310944 314575 310604 310632 321730 315305 315300 365323 310577 5849 315293 321687 321695 310508 321706 321692 310580 321801 315731 216366 310887 302765 310652 310579 321686 316415 310447 454421
0  454913 450609 460191 321756 310762 310631 311054 321708 529471 440330 310753 321692 321686 460755 321706 310944 310575 359539 257485 460763 310632 321730 315297 315300 451724 310733 310634 310726 314576 280129 310645 321723 311038 454028 334799 321801 315731 321724 393324 445669 321757 311292 316415 311039
0  321756 125466 315297 310890 275809 311054 125467 321688 315294 321686 162791 106312 18485 310575 5533 321759 18488 315300 321730 110937 32563 5151 269874 506624 315293 280 331136 283 310727 310449 315731 310579 321757 321782 287798 316415 460883 33905 276498
0  321756 310576 330045 443885 315731 355832 317106 316415 321730 310449 507557 315300 512438
0  125466 310577 71595 321688 315294 315295 314575 191111 78249 43896 315300 460883 106062 29507 311216 183893 310727 477687 7623 251462 32031 190368 311054 252974 321725 10615 71596 11574 28451 279 536467 14668 293940 250415 314577 122752 321723 283 55405 29508 321782 294889 4927 316415 536468 106324 186228 270857 274752 43894 310573 4387 279428 18488 145797 55404 175940 4080 311573 135510 309294 7621 16523 310887 10614 110957 276498 266180 321756 315297 30364 352505 310450 12480 243183 43898 321746 310562 269875 310604 310890 321759 146227 44468 315293 321687 11760 321789 283012 58606 291373 315731 43897 310579 321686 58262 249097 29509
0  321756 310577 311054 500516 315294 131815 454914 191109 18488 500517 315300 311292 501751 321687 181912 314577 321783 500518 310450 283 368208 310727 292893 315731 310887 321686 294889 316415 276498
0  321756 401090 125466 310758 315297 152314 284774 192210 310734 311054 310577 321688 315294 315295 321686 401133 401091 310575 295585 401092 201793 401134 401135 321687 401136 152500 352791 289974 321723 449456 297937 315731 401137 401138 310579 321757 172030 316415 192832 315300 315298 276498
0  321756 125466 415243 30363 310573 310762 280 10673 311054 125467 321688 436606 55543 395473 315294 11759 321686 321725 132257 311088 310562 321694 106312 55544 283561 269875 18488 149096 310575 315297 106313 110932 311117 315300 310577 269874 58604 321687 315295 275809 203537 321723 283 315299 311213 310727 18485 315731 298651 58605 310887 311290 4386 321757 310603 316415 310480 362141 276498
0  515361 315295 310577 321688 120670 315294 310891 314575 311336 310632 315300 310759 482649 131129 254470 316642 39076 311326 311142 311348 482650 6574 311054 482651 321758 310575 55564 273999 310733 310664 121851 55548 321738 39077 321723 311038 315303 321782 316415 538260 310888 314574 39078 254779 321725 39696 39700 10677 483910 39701 483911 277696 189810 317521 121934 310630 310449 311290 310887 321757 266179 105371 321756 315297 310762 318179 321692 121852 274426 321746 310562 39079 514277 310944 294726 310890 321759 321730 315293 321687 310715 321789 483909 513488 315731 321801 357489 321686 507557
0  321756 285023 318243 315731 152928
0  167247 169384 310890 258321 120523 321688 169385 169389 167248 314575 284769 310580 132877 169392 132878 310607 315300 169402 169403 311024 273913 321782 169427 62271 169434 310447 258281 169435 311054 169438 148447 169404 169428 321758 169422 169386 281150 169423 169405 6756 152306 169409 258282 169406 321760 169393 169441 169433 169429 321783 169410 169395 246612 310888 273914 169443 281151 278426 314574 169436 98071 169430 321695 169426 321776 169417 169437 12787 169390 283533 40351 169419 169411 169396 169397 288961 122747 169414 252666 266179 310075 105216 266180 321756 169391 310943 258278 132880 310450 169399 169420 311088 169413 169424 269875 169425 169415 321759 169421 468941 258323 169442 169383 316415 169398 315293 321789 169416 359490 169444 132881 169418 169394 315731 321686 169412
0  321756 351941 315731 310727 287048 311054 321686 160480 316415 160646
0  287574 321756 315731 311326 347926 310604 321757 316415 162265 315300 321746
0  531436 321756 310888 310932 315297 310631 311054 310447 314574 6447 499593 248825 247581 139262 216369 321725 310508 321746 504772 34907 321758 311290 321688 275007 310944 314575 310604 310890 321759 310632 321730 315305 315300 310577 321732 5849 310562 315293 321687 254940 321695 454423 368531 321706 321692 310580 310609 321801 315731 216366 310887 302765 310652 290542 310579 321686 321782 173429 316415 280769
0  321756 315731 327952 461234 311054 316415 315294
0  125466 310932 18448 310577 239003 120523 120525 120526 30368 243180 315295 190370 314575 284769 817 127102 132877 259753 301613 61929 132417 29833 276287 311326 311024 311232 262794 4389 239004 285461 239214 282113 259754 259755 321688 243181 240721 207118 314574 142531 132418 321691 311292 315922 316416 434457 311054 315294 321725 321757 321758 127622 94867 317107 281150 188139 315293 259950 294518 259954 310920 132555 127623 280454 18457 520275 239005 321723 152306 213262 216366 321760 321782 30497 316415 310576 311037 310888 273914 239058 310447 310573 132511 311235 127624 189279 251460 82838 434458 310598 240719 132260 321776 259974 259756 310943 159611 246211 288407 127103 269793 246212 120527 273917 237234 132871 286649 520276 310521 127619 240867 520277 311290 82862 310887 122747 239012 315300 311116 259757 266179 310449 357916 127620 276498 321756 302765 315297 12483 310762 258278 20153 104920 321746 294890 315307 216369 311189 278382 165683 311088 307610 294726 310604 310890 308778 321759 237359 321730 299829 259977 2 127621 212824 149342 127104 321687 308235 321694 311291 321789 283652 155552 207117 138556 315731 4165 309292 309291 310579 321686 310480 82863 507557 237235
0  310727 321756 315731 12596 61523 311290 311054 321686 61524 61525 316415 12597 314574 340426 12617 315300 61574
0  476714 321756 315295 395474 310573 310762 395475 310577 311054 242474 515357 520272 315294 321725 321757 314575 321746 310562 484177 321688 321710 316876 11574 315297 310604 310451 400667 321686 315298 315300 401718 314574 310625 321732 321730 310727 315293 321687 314578 11760 321783 250415 401719 321723 58606 311326 310449 315731 311290 310887 401720 308234 310579 395476 58262 4927 316415 32031 404447 375572 310575
0  228926 321756 310888 125466 135511 315297 310573 55549 106060 275809 310487 311054 125467 310577 321688 4367 494775 280930 386877 315295 29742 10678 30501 321758 280952 18485 106061 30885 310575 310890 541960 321723 321759 4440 321686 315299 315300 314671 541961 279429 321687 269874 321730 289624 310447 4079 315293 139786 228927 228996 310887 541962 12068 280 59536 30261 125468 139710 310449 315731 315294 4599 275810 4386 310579 321757 321782 170913 321739 314855 316415 311233 304965 30858 276498
0  321756 409911 503231 315731 316415 315300
0  321756 315297 310762 311054 523231 315307 321686 521085 321688 285740 310890 321759 157009 321730 310607 389767 315300 311292 310759 397222 155295 310576 310449 315731 285366 310887 155334 321757 321782 316415 311214
0  321756 316415 362821 315731 321757
0  321756 310888 315295 283561 30363 310573 310762 197292 311054 197301 321688 479923 55543 479924 11759 321686 480814 132257 479925 311088 321758 479926 315294 480813 197304 315297 310890 365321 321759 197302 315299 197293 315300 310577 58604 479927 321687 321694 250415 310480 480815 11760 310758 310579 203537 321723 58606 197295 315731 298651 58605 310887 4386 297113 321757 321782 197296 316415 149096 479928 310575 314575 276498
0  321756 413231 316415 315731
0  321756 409489 315731 125808 310887 311054 321686 275811 316415 310727
0  228926 321756 310888 125466 135511 315297 310573 55549 106060 275809 310487 311054 125467 310577 321688 4367 494775 280930 315294 315295 29742 10678 30501 321758 346336 18485 106061 30885 310575 310890 321723 321759 4440 321686 315299 315300 314671 279429 321687 269874 321730 289624 310447 4079 315293 139786 228927 228996 310887 314855 12068 280 59536 30261 125468 139710 310449 315731 4599 275810 4386 310579 321757 321782 170913 321739 280952 316415 311233 304965 30858 276498
0  321756 315731 310727 311054 288703 321686 316415 329693 166431
0  321756 458199 315622 525400 512805 310508 507557
0  321756 315295 310573 310762 311054 484725 318179 299970 484868 316643 315294 321692 538089 310944 319421 310632 484865 315300 314574 484726 538090 310576 484727 207443 321723 310752 484864 321801 315731 484866 321686 356714 316415 319943 507557
0  321756 310664 310450 315297 315293 310631 310579 321686 321688 321730 310753 315294 314574 314575 315300 321746
0  321756 361309 315297 310573 310762 310577 311054 310465 315295 321746 321723 310604 310726 311371 321730 315293 315300 132263 311292 310631 311232 321687 314576 321789 321783 276533 315731 321724 310887 321686 316415 127777 276498
0  321756 315295 315297 310573 310577 311054 314574 321688 310631 321746 310604 321730 315300 321687 321732 336062 315293 310625 314578 321723 310727 315731 321686 310603 316415 315298
0  321756 315731 321757 419903 316415 315300
0  321756 364958 315731 389241 306292 394002 321686 331611 316415 310727 233018 363380 315300
0  310447 321756 31047 315295 251661 31049 310573 310762 352505 311054 314574 310577 321688 4475 237355 307554 315294 31045 42555 42651 40672 311088 321694 321724 237356 314575 310575 31048 265118 42645 310632 42647 310726 315300 311292 42646 321730 311053 42648 315293 321687 310480 314576 30587 42650 321723 31022 321692 4607 321801 315731 311290 6923 31046 310944 321686 42649 310603 316415 310887 31023 310449 7213
0  149069 120522 310577 315294 314575 7820 132878 315300 311056 273913 6376 18482 358005 321724 251462 258280 120524 311054 148447 310575 175938 445193 132879 279 310726 449455 457953 249043 40665 144761 403785 6756 10614 289625 316415 401584 281151 251421 282662 278426 314574 40649 321725 281152 249315 55404 400667 291372 283533 40351 314576 249042 311290 310887 321757 60753 147803 281153 266180 321756 258279 315297 262176 175940 132880 12480 452930 40664 273916 321746 310562 310604 314985 321730 310666 311292 315293 321687 283562 321783 310447 132881 40667 170914 315731 248790 321686 249097
0  321756 315731 340574 310604 316415 321746
0  476714 125466 310577 321688 315294 315295 314575 317521 93946 520278 249243 315300 310759 311024 4474 316642 34113 310603 32031 310631 311054 390373 321725 484177 11574 193844 315933 369174 110339 193845 310580 30365 321723 310521 321760 321782 345251 390425 4927 316415 281151 310573 314574 4388 17591 321695 267225 321776 387074 270676 147941 514278 516892 466384 264641 311290 310887 194114 266179 105216 276498 321756 315297 310762 537067 318179 316643 321746 30367 310450 310604 310890 98160 321759 183937 321730 30366 514279 296114 312537 315293 321687 30884 321783 30522 291373 315731 7005 321686 58262 4598 507557 194115
0  321756 315731 446054 316415 459026 375572
0  321756 523935 311235 310732 356715 321725 311189 310562 310575 311371 321730 315300 311292 508429 311232 321738 311216 321789 315303 310449 315731 311075 316415 428301
0  321756 315297 311054 321784 311234 321686 310756 310944 311311 315300 321732 311326 343097 311038 310609 315731 321801 311290 310887 321757 316415 311040
0  321756 321757 316415 315731 379423
0  321756 310888 315295 310758 315297 310573 310762 310577 311054 314574 417842 94866 321686 314575 417843 321746 417844 321758 321724 310450 394660 418285 310890 352504 365321 321759 428863 310943 394661 414408 315300 310578 428918 418286 426212 321687 311291 359432 321789 321723 412018 314576 412019 311116 315731 311290 310887 414409 394662 321757 321782 316415 414410 412548 266179 414411 421182 310726 421183 412549
0  321756 125466 310758 315297 310573 311054 321692 315294 315295 321725 310562 11719 310575 94867 310632 58529 315300 321723 337775 389304 315731 321686 316415 266179 276498
0  310447 321756 310888 125466 127775 315297 310573 310762 517094 310715 127749 314574 321688 237355 307554 193284 321725 514345 311117 460884 127627 321692 106081 321758 321724 269875 237356 314575 517286 251461 352504 94867 378410 321759 310632 321730 276500 310726 315300 60757 12749 310577 310562 315293 321687 321738 318361 466538 314576 159607 310944 321723 466583 276523 193444 193445 315303 321801 315731 311290 315294 310887 514346 310579 321686 311054 315295 316415 295967 266179 310449 286645 315298 310575 276498
0  321756 310447 310762 310631 311054 321708 318179 316643 321692 310944 17876 337248 310632 321730 367559 315300 311292 310733 310634 321723 512439 315731 321801 321686 316415 311039
0  321756 171017 315731 451807 454029 352504 311054 321686 448395 316415 289686 171018 310752
0  321756 315310 316898 315731 310727 280050 310887 311054 318179 86363 137392 328972 316415 321730 321686 315294 310449 317521 263574 502105 315300
0  321756 368056 315731 311326 315297 323347 321757 310664 316415 314574 315300 321746
0  321756 310577 311054 318179 315307 315294 131815 191109 189583 294726 352504 18488 315300 321687 515406 314577 310576 314574 283 310727 315731 311290 310887 321686 294889 316415 515125 311214 276498
0  321756 94969 310447 314672 310577 311054 318179 316643 321725 258327 289493 314575 397616 395479 310562 258897 397617 310450 397795 397796 328973 508437 397797 315300 259230 266206 170216 314574 321730 315293 321687 395480 258328 508438 259231 310449 315731 311290 310887 316877 258329 524203 321686 283806 289494 316415 311205 396251 397804
0  314725 315295 314683 314761 315167 314769 315294 314770 314684 314674 314702 314828 314829 314771 289495 310632 489297 314781 29833 310577 314788 321730 440050 489916 314789 314830 120671 314831 316642 52278 314790 311326 540226 314726 58608 314772 314798 170217 314839 308871 241082 125825 314832 314752 311054 489917 314782 314801 314799 121798 314820 315017 314800 310575 540227 540386 314760 314821 121799 314762 310664 314795 314773 314822 352930 314833 121804 321723 121800 315168 314774 314784 239141 121805 489918 315297 316415 314824 314785 241083 315119 315210 239058 310447 310573 275961 314837 314703 489921 274000 9604 241625 314753 314796 310902 314720 314825 314763 314685 314578 315250 314791 193674 296116 317521 314838 314727 315731 311290 310887 277306 321757 314834 315300 314827 310449 314865 321756 314802 314775 315211 314764 11761 310762 489919 318179 316643 321692 321746 125826 241626 310944 58609 121801 58936 314778 314803 311117 314776 314797 315293 321687 314783 314704 238981 315214 314701 241628 255532 126623 321801 4165 311233 302765 321686 314805 314826 314965 314741 314765 489920
0  120522 239003 120523 321688 310888 315294 7820 132877 309866 274443 132878 315300 311024 310762 273913 49147 18482 246097 311290 239023 471328 251462 258280 203841 246080 287799 9040 122747 3695 311054 148447 321725 246091 137620 321758 164423 310575 175938 419060 132879 281150 279 28453 121966 40665 144761 162792 280129 288094 251421 208303 321723 6756 216366 10614 321760 17592 321782 246084 239027 316415 238973 471458 264060 273914 310447 310734 282662 278426 314574 17594 88361 246096 40649 6 298799 5743 281152 321776 55404 246085 391917 300068 246211 34549 291372 283533 40351 132871 377961 203918 246095 321757 423045 60753 239217 246092 281153 266180 321756 309291 423940 17595 315297 262176 175940 132880 137768 12480 40664 40 216369 310562 378006 44469 310890 321759 239004 357558 315293 249043 239218 209729 239024 321783 132881 40667 471460 382882 315731 302765 310579 321686 249042 249097 378986 315298
0  321756 96087 315731 266586 316415 414255
0  310447 321756 310762 64139 88711 244877 244878 390426 377155 92011 244879 321686 352931 245206 245217 12753 349060 244880 244881 1839 244882 92012 245207 245212 380180 321834 244883 309527 13444 61965 310890 88712 245198 321759 297270 62152 385633 329694 245204 245213 315297 315300 352933 353513 245199 245210 245219 245208 23123 311054 380195 264203 321789 310943 245200 378007 92964 88713 245214 352951 245209 245218 245211 197904 245220 198551 315731 311290 310887 245215 385634 321757 321782 245201 245202 245216 316415 61966 245205 245221 245203 265355
0  321756 330625 311116 315731 310562 315300 512440 310575 311291 316415 329341 315294 321725 311189 507557 316642
0  310626 349906 315295 283561 321756 310573 310762 310631 311054 310580 321710 321688 484178 310579 55543 131815 315294 11759 30363 203537 132257 311351 310562 321724 283 191109 310451 149096 310604 315297 310890 321759 18488 321730 321748 321746 58993 310726 315300 311292 310577 58604 310727 4081 315293 321687 250415 314576 321725 321695 321783 11760 29510 321723 58606 311326 315731 298651 58605 310887 503805 311290 4386 314577 314574 321686 321782 294889 504611 316415 310575 314575 276498
0  321756 297566 310888 353473 347944 352505 311054 348036 513489 356715 199169 392788 321686 374530 348037 197905 321688 392874 147491 321759 197906 340002 359389 315300 75363 75364 197907 321758 199170 15939 359756 314574 183490 281151 310727 291373 198484 315731 297271 356789 198482 297567 310579 321757 311290 316415 198483 348080 310575
0  310447 321756 125466 283561 30363 310573 310762 456576 280 311054 125467 318179 321688 311339 55543 382135 315294 11759 311189 310631 132257 311351 311088 321694 106312 18485 149096 310575 321748 18488 321730 321686 315299 321746 110937 315300 460883 311292 310577 269874 58604 278164 316052 321687 442923 131818 529160 375006 275809 310626 203537 321723 283 318280 316642 315731 298651 58605 310887 531440 4386 314574 321757 311290 315295 310603 316415 310480 310604 276498
0  354595 321756 310576 310692 310449 315731 311326 311214 527422 316415 321730 321748 315294 315307 310633 321746 529642 315300 311351
0  321756 310888 315295 310758 315297 490123 311054 318179 321688 316643 258010 491885 315294 261466 314575 321746 250415 491887 321758 305314 491888 310944 310604 310890 321759 315300 491889 315293 491890 11760 491891 282115 491893 339165 58606 491895 321801 315731 310887 310579 321686 321782 491886 316415 491894 310466 491892
0  321756 504777 315731 504778 356030 504779 505531 504780 505530 505527 505532 505528 505529 504781 505533 316415
0  321756 311235 311054 451594 454030 321686 14853 345663 449062 457415 365321 315300 508429 105902 448430 311232 529643 310715 459031 321789 315303 310727 456577 315731 72841 321757 315304 321738 316415 266179
0  321756 310577 311054 310450 315294 131815 323348 388353 321746 191109 310604 18488 83473 315300 321687 314577 482652 283 310727 315731 310887 321686 262853 294889 316415 276498
0  392789 321756 125466 43894 285462 352505 71595 310450 10615 279428 269875 71596 155553 18488 269355 103539 14668 315300 293940 106062 310577 135510 321687 7621 311054 314577 283 310727 315731 238624 310887 321686 294889 316415 308139 186228 190368 55405 276498
0  294927 321756 310888 456320 315297 310631 311054 310450 321688 188755 315294 131815 310596 348223 454031 321759 18488 190430 321730 315300 316415 311292 310577 321687 321758 314577 283 310727 191109 315731 454044 310887 321686 294729 294889 451808 454045 454046 276498
0  266180 321756 315295 315297 310573 175940 310577 311054 314574 321688 310447 12480 321784 315294 321725 321686 321692 321746 537633 310562 321758 321695 310944 321776 310604 321696 321759 310531 55404 321730 310762 314577 279 470293 310666 311573 354188 311292 310603 321732 537644 315293 321687 310584 310887 321802 310580 314664 321723 315299 259235 290232 310609 321801 315731 10614 321760 321789 321757 249097 316415 251462 315300 310632 314575
0  321756 270220 208304 310577 311054 318179 209210 131815 315294 315307 314575 464310 191109 208305 209211 300069 321730 464328 535717 18488 315300 311292 367560 109053 321687 209212 314577 208306 310576 209208 283 310727 310449 315731 464329 310887 209209 321686 294889 316415 276498 311214 531488 208307
0  476714 125466 18448 152313 310577 125467 321688 30368 315294 315295 310756 295134 817 18457 310632 315300 240867 310762 289974 60759 321724 468942 172030 32031 311054 321758 484177 18485 11574 94867 321687 269874 280 321723 283 321782 30497 4927 316415 310888 310573 314574 321725 127627 11719 106312 18488 58529 12482 110932 276500 288407 468943 165683 321739 314576 60758 4389 311290 310887 321757 266179 276498 321756 315297 12483 152314 284774 20153 310487 382135 321692 321746 310562 191116 310890 308778 321759 2 310578 310726 152500 275809 315731 311233 310579 321686 58262 315298 310575
0  311213 321756 318179 316911
0  249954 321756 315295 183491 310573 310450 310577 13352 43899 321688 315294 131815 321686 314575 321746 269875 329550 191109 122958 310604 315297 476716 526028 18488 307361 236447 315300 58607 179785 315299 270857 315298 274809 254469 4078 352679 544724 315293 321687 321738 11760 311054 314577 63871 310715 311573 321723 283 526088 310727 291373 315303 29506 315731 310887 321791 315304 310579 321757 7624 294889 236448 316415 252666 276498 110957 122959 30260
0  321756 310447 310762 482653 310734 311054 315294 482654 482712 35370 310575 310890 321759 482655 482714 315300 310577 5889 6313 321687 321783 351172 321723 315731 310887 321686 321782 37848 316415 315298
0  321756 368561 368562 315295 388385 310573 310943 370470 255535 323594 357597 374531 329914 311054 357686 368563 315294 105966 321758 326765 314575 334538 310890 366607 321759 310762 334660 378568 315300 334661 326766 334662 333986 321833 378986 321789 323665 310758 321723 334800 366678 315731 321688 310887 340019 357687 321686 321782 266179 278650 310603 316415 334686 374488 310888
0  249954 321756 269875 310577 311054 310450 321688 315294 131815 314575 321746 191109 315297 18488 58607 315300 246211 310578 315293 321687 11760 314577 283 310727 29506 315731 311290 337383 309291 310579 321686 294889 316415 252666 310887 30260 4078 276498
0  321756 273693 310577 311054 310450 315294 131815 119981 191109 18488 315300 349061 321687 314577 283 310727 315731 310887 321686 294889 316415 276498
0  321756 315295 315297 310573 310577 311054 272989 321688 315294 131815 321686 321746 269875 252978 310575 310890 321759 18488 315300 117629 315293 321687 314577 321723 283 310727 191109 315731 310887 321757 321782 294889 310603 316415 276498 310604 354933
0  321756 310888 315297 310762 324016 311054 318179 321688 5818 321784 315731 248124 321686 321725 324105 311234 324017 324106 324018 311290 310450 324107 310605 314575 324019 311417 310756 321759 311571 321723 310943 324108 324094 315300 324020 324098 318359 248125 324103 319415 324099 315293 321758 324090 321789 310521 324092 324093 324100 60393 324102 512960 324091 12342 310729 324095 324096 60394 390427 316877 324097 321757 316415 324104 324101
0  311292 321756 315731 368057 310631 321757 316415 321730 315294 500378 315300
0  321756 386878 315295 310758 315731 310573 310762 58964 311054 321686 11891 316415 315294 321723 314575 315300
0  321756 125466 310447 352505 311054 125467 321688 315294 321686 321746 106312 18485 310604 18488 275809 110932 315300 269874 280 283 315731 310579 321757 316415 310575 276498
0  315295 310577 434459 321688 434460 434559 315294 434560 314575 434461 122958 434602 434603 434555 58607 315300 434567 310759 318359 311024 311232 434608 311216 434568 518751 316642 434592 542998 434462 251462 434609 327219 293808 434463 434464 310575 434593 311371 279 434561 434556 254469 434583 312352 532498 321738 434562 310715 321723 434610 310521 315303 29506 10614 321760 434569 321782 316415 4078 249954 542009 310573 311235 496294 4593 434465 321725 434621 310449 434635 321776 434594 55404 175940 315299 274809 434566 207473 519581 311054 185746 434558 317521 30877 299993 311290 310887 434563 321757 315304 311573 252666 434466 122959 30260 266180 321756 310762 315297 434557 519951 318179 535718 12480 434643 321746 434611 269875 310604 310890 321759 311571 434595 321730 434616 254939 319415 315293 321687 434545 434573 11760 321789 315731 310579 321686 249097 434596 434549 434550 315298
0  321756 315297 260281 311054 318179 260282 260458 315294 321692 260459 519582 314575 260467 296294 311290 310944 310575 310632 519952 315300 321730 346025 260460 260466 519953 260461 314574 310727 315731 321801 260468 310887 316877 321686 316415 310449
0  310447 321756 512096 310449 315731 20339 94161 896 1205 321757 311054 322814 316415 321730 321686 21126 265848 315300
0  398266 125466 148468 125467 519068 321688 315294 315295 314575 310580 148469 521423 521424 148663 4370 315300 321730 147942 5980 487512 4474 521425 147943 148664 397223 147944 521541 148666 148470 148686 148711 11167 316416 148693 521426 311054 248335 148100 18485 43401 310603 269874 398476 147945 43402 106312 122752 30365 310508 321723 310757 398477 321695 367034 148236 275332 148101 311214 274752 281151 310573 280 278426 314574 148084 148085 310574 4388 124234 30318 147490 487513 313543 133479 398267 148086 398500 30366 321739 7455 398478 310449 310887 56916 321757 148679 276498 321756 315297 310762 310487 148237 315307 30367 488013 398479 488014 110933 147375 147946 316415 397471 315293 321687 321783 275809 521540 315731 321686 148667
0  310447 321756 315297 310577 311054 318179 321686 321746 492671 310575 492672 321730 75365 311117 315300 2 311292 354927 493102 321687 493101 493104 314574 10612 15722 310449 315731 311290 310887 493105 493107 316415 310604
0  321756 315731 459671 321757 359087 316415 455341
0  321756 89801 302765 186229 273914 281151 321743 310604 310753 311054 293941 321710 120523 321688 321746 89802 310074 321725 315294 216369 321686 314575 138557 246611 310562 237233 321724 310450 132877 246981 294726 40647 315297 138558 310726 310451 314576 321730 281150 179785 304436 315293 315300 6760 280455 43013 321707 310625 321738 43014 321732 273913 310732 7348 310460 188752 310579 314574 148456 291373 321726 315303 315731 216366 310666 257955 375574 59038 264534 4926 316415 11925 227290 32030 122747 310581 140336 310461
0  310447 321756 125466 315297 310762 275809 311054 125467 281532 315294 321725 311189 310562 106312 18485 381004 310575 136416 139933 110933 321686 315300 280975 269874 311232 321738 310715 321789 279684 136418 280 136952 136950 136419 136953 315303 315731 321688 310887 310579 321757 316415 140896 276498
0  321756 310888 441716 310943 311054 321688 450969 321758 446443 321759 393805 315300 311232 321738 310715 321789 358503 449063 497232 315303 315731 321757 310603 316415
0  310447 310575 125466 18485 315731 10137 106060 275809 311054 125467 321686 321688 316415 360340 53574 280 310579 269874 110930 315300 276498
0  321756 263298 315731 281154 127683 143956 353469 311054 321686 43895 316415 310727 7622 85290 276499
0  321756 315731 310727 352505 311054 146245 321686 283130 316415
0  321756 315297 357071 311054 21735 314574 334731 321757 357788 321831 292439 1579 315300 22495 352503 21736 310727 315731 311290 357317 321686 179953 316415 1580
0  310626 321756 125466 420155 519954 321748 280 311054 125467 318179 321688 321746 315294 321725 321686 311351 310562 106312 18485 310575 315297 310890 321759 18488 321730 311290 110937 315300 460883 311292 310631 269874 428922 275809 314574 283 316642 310727 315731 531440 419404 310579 321757 321782 316415 310604 276498
0  321756 310888 310577 311054 318179 321688 488718 315294 224926 106019 488719 321758 279428 532498 321710 321776 310575 310890 310756 321759 310451 315300 314574 135510 539804 311024 315293 321687 382253 311056 539805 317521 316642 315731 311290 310887 321760 310579 321686 321782 316415 314860 266179 303476
0  321756 310450 316667 315731 342370 315932 316643 316415 310559 321725 424122 318179 316642